%YAML 1.0
---
vocabulary: !!opencv-matrix
   rows: 25
   cols: 128
   dt: f
   data: [ 7.16602554e+01, 3.14809456e+01, 1.08827162e+01,
       9.64197540e+00, 1.15134735e+01, 1.00392332e+01, 1.35233850e+01,
       4.19564323e+01, 4.68379021e+01, 2.37266731e+01, 1.58184347e+01,
       2.37748089e+01, 3.42391968e+01, 2.25697994e+01, 1.90369778e+01,
       3.48181953e+01, 6.42418671e+01, 3.28314934e+01, 1.54536438e+01,
       1.53493586e+01, 1.81026821e+01, 1.47829409e+01, 1.64971504e+01,
       3.82072029e+01, 3.17737408e+01, 1.57767687e+01, 9.40408325e+00,
       1.25749645e+01, 2.23288803e+01, 2.07936840e+01, 1.90757942e+01,
       2.76969376e+01, 1.01422127e+02, 4.50598869e+01, 1.00851135e+01,
       9.15064049e+00, 1.34190998e+01, 9.03525639e+00, 1.22813978e+01,
       5.29696693e+01, 4.80822639e+01, 2.83719120e+01, 2.76502838e+01,
       6.08722687e+01, 7.62213898e+01, 2.91016731e+01, 1.11079655e+01,
       2.09173775e+01, 1.20290359e+02, 5.51102791e+01, 1.98096504e+01,
       1.80562668e+01, 1.47308874e+01, 9.19058609e+00, 9.58742809e+00,
       3.75555534e+01, 4.40133553e+01, 1.51687441e+01, 9.84769726e+00,
       1.89055672e+01, 3.37635918e+01, 2.90053997e+01, 2.12390785e+01,
       2.68402767e+01, 1.00749466e+02, 5.27599716e+01, 1.25347815e+01,
       9.29071712e+00, 1.35765076e+01, 9.29113197e+00, 1.02134371e+01,
       4.50112762e+01, 4.82304726e+01, 2.09837360e+01, 1.14518633e+01,
       3.02091045e+01, 7.65843430e+01, 5.93196793e+01, 2.71834030e+01,
       2.81180553e+01, 1.20335999e+02, 3.74628448e+01, 9.35564995e+00,
       8.96219158e+00, 1.45520535e+01, 1.77673302e+01, 1.96061840e+01,
       5.49431381e+01, 4.43305435e+01, 2.69151821e+01, 2.02197285e+01,
       2.80003548e+01, 3.33941689e+01, 1.95112171e+01, 1.02762938e+01,
       1.55036793e+01, 7.00673676e+01, 4.14202271e+01, 1.36311722e+01,
       1.03799858e+01, 1.18644342e+01, 9.83588505e+00, 1.11945038e+01,
       3.12411556e+01, 4.63323822e+01, 3.45773964e+01, 1.95274220e+01,
       2.29703217e+01, 3.39053879e+01, 2.34361935e+01, 1.61837006e+01,
       2.39776230e+01, 6.53915024e+01, 3.85198822e+01, 1.64173794e+01,
       1.45005341e+01, 1.73035374e+01, 1.49618940e+01, 1.52371788e+01,
       3.31533127e+01, 3.19923420e+01, 2.83079281e+01, 1.88828945e+01,
       2.02991447e+01, 2.17463188e+01, 1.24503794e+01, 9.28644371e+00,
       1.56074905e+01, 1.45491571e+01, 1.41832170e+01, 1.85998249e+01,
       4.46983032e+01, 5.77776566e+01, 2.57963963e+01, 1.21060066e+01,
       1.18094196e+01, 4.50453377e+01, 3.32965889e+01, 2.44190807e+01,
       3.29770851e+01, 3.34008904e+01, 1.91764584e+01, 1.57852945e+01,
       2.60467110e+01, 2.74037495e+01, 2.07266579e+01, 1.87755680e+01,
       2.94361706e+01, 4.21773911e+01, 3.01310120e+01, 2.07502346e+01,
       2.36109257e+01, 2.34989281e+01, 2.13014240e+01, 1.88015614e+01,
       2.43461018e+01, 2.88833332e+01, 1.94344673e+01, 1.42228947e+01,
       1.73246689e+01, 2.03658295e+01, 1.25724020e+01, 1.78454685e+01,
       6.70954056e+01, 9.96642914e+01, 3.63576431e+01, 7.30345678e+00,
       7.57119322e+00, 1.16096504e+02, 3.75811424e+01, 1.54908504e+01,
       2.54730453e+01, 2.99745026e+01, 1.95302525e+01, 1.98986111e+01,
       5.32998314e+01, 3.19621372e+01, 1.13802280e+01, 1.13751717e+01,
       3.67961197e+01, 8.27244034e+01, 6.29494972e+01, 3.13546753e+01,
       2.76412048e+01, 2.83814926e+01, 2.54247952e+01, 2.16918736e+01,
       2.86499977e+01, 3.67985382e+01, 2.41212292e+01, 1.72025604e+01,
       2.20566578e+01, 2.16925316e+01, 7.80892467e+00, 8.77556801e+00,
       4.51470566e+01, 1.00518883e+02, 5.66340637e+01, 1.51581030e+01,
       1.30913887e+01, 1.17416832e+02, 5.19412537e+01, 1.94185314e+01,
       2.12657032e+01, 2.89078426e+01, 2.03451118e+01, 1.35369568e+01,
       3.91196899e+01, 3.18376656e+01, 2.46942902e+01, 3.01940994e+01,
       6.67861176e+01, 8.40381927e+01, 3.50102234e+01, 1.10413809e+01,
       1.16053200e+01, 2.88261261e+01, 2.20760021e+01, 1.80509987e+01,
       2.64338093e+01, 3.69481773e+01, 2.64857407e+01, 2.05304718e+01,
       2.53690166e+01, 1.61082592e+01, 1.09551029e+01, 1.17873831e+01,
       2.79050407e+01, 5.79678535e+01, 3.96892357e+01, 1.82237740e+01,
       1.67130852e+01, 5.07684784e+01, 2.62554264e+01, 1.57327585e+01,
       1.90556698e+01, 2.99090519e+01, 2.66158161e+01, 2.26464252e+01,
       3.78625069e+01, 2.59786243e+01, 2.07856789e+01, 2.02719688e+01,
       3.23986397e+01, 4.41261749e+01, 2.90612202e+01, 1.83803921e+01,
       2.09252625e+01, 2.37100086e+01, 1.61710720e+01, 1.36390066e+01,
       2.05056324e+01, 2.93330231e+01, 2.35825138e+01, 1.87522678e+01,
       2.21827774e+01, 3.28292046e+01, 1.88482494e+01, 1.06628094e+01,
       1.23458691e+01, 1.25207014e+01, 6.85138321e+00, 5.19658899e+00,
       1.18110046e+01, 1.27109329e+02, 4.42909660e+01, 6.52305222e+00,
       3.69559455e+00, 3.33068156e+00, 2.58151031e+00, 3.50292301e+00,
       3.43667221e+01, 1.25482437e+02, 3.42489014e+01, 3.79533553e+00,
       3.06864357e+00, 4.69842720e+00, 4.47972059e+00, 6.50659943e+00,
       4.37536926e+01, 2.96287594e+01, 1.11841145e+01, 5.60525513e+00,
       8.79208088e+00, 1.78623524e+01, 1.40723801e+01, 1.04272289e+01,
       1.75704823e+01, 4.47803917e+01, 1.76799850e+01, 9.67100620e+00,
       1.25886221e+01, 1.48344488e+01, 1.00356178e+01, 7.54420567e+00,
       1.63062744e+01, 1.40597610e+02, 4.09001999e+01, 6.48725367e+00,
       4.35768080e+00, 4.61851406e+00, 4.06846285e+00, 4.74230099e+00,
       4.21159515e+01, 1.39258362e+02, 4.21123390e+01, 5.02380514e+00,
       4.85560179e+00, 6.41903210e+00, 5.19924068e+00, 6.45260048e+00,
       4.03042259e+01, 4.05992889e+01, 1.51273432e+01, 7.85319138e+00,
       1.30004225e+01, 2.32537823e+01, 1.55197372e+01, 9.46977615e+00,
       1.64970779e+01, 4.51584396e+01, 1.64797802e+01, 7.59501028e+00,
       9.93967342e+00, 1.52354012e+01, 1.25853672e+01, 9.37877464e+00,
       1.73846207e+01, 1.40648651e+02, 4.24371147e+01, 4.71264982e+00,
       3.94835186e+00, 4.67281389e+00, 4.51955652e+00, 6.38636780e+00,
       4.01952629e+01, 1.39437363e+02, 4.09687843e+01, 6.32471514e+00,
       5.18369198e+00, 6.18387270e+00, 4.76182747e+00, 5.15036488e+00,
       4.18651237e+01, 4.04888802e+01, 1.63030796e+01, 9.35876560e+00,
       1.57022238e+01, 2.31530170e+01, 1.30878687e+01, 8.01277637e+00,
       1.55184717e+01, 3.32742729e+01, 1.18957396e+01, 5.17423010e+00,
       6.77032518e+00, 1.29112282e+01, 1.23787746e+01, 1.03589468e+01,
       1.83903465e+01, 1.27330444e+02, 3.49698067e+01, 3.59193635e+00,
       2.55167842e+00, 3.56373167e+00, 3.81245112e+00, 6.13801003e+00,
       4.30658112e+01, 1.26200325e+02, 4.51330681e+01, 6.65503550e+00,
       4.52931976e+00, 4.61544037e+00, 3.03284526e+00, 3.65630102e+00,
       3.31944809e+01, 2.98554821e+01, 1.80376663e+01, 1.05918159e+01,
       1.46152601e+01, 1.76768513e+01, 8.52287102e+00, 5.29560661e+00,
       1.08592176e+01, 2.42496090e+01, 1.94967575e+01, 2.05853271e+01,
       2.43428764e+01, 1.92224331e+01, 1.31212816e+01, 1.52648172e+01,
       2.34618645e+01, 5.51348114e+01, 3.28602104e+01, 1.95687771e+01,
       1.67806416e+01, 1.36945314e+01, 1.18353271e+01, 1.85560837e+01,
       4.02170639e+01, 8.17988129e+01, 2.89849014e+01, 9.23825741e+00,
       6.28002691e+00, 6.65097284e+00, 1.00955038e+01, 2.67284164e+01,
       7.19860764e+01, 3.35305290e+01, 1.15495968e+01, 6.88749695e+00,
       9.09399414e+00, 1.46940842e+01, 2.09339066e+01, 3.49782486e+01,
       4.98798904e+01, 3.07847786e+01, 2.06339188e+01, 1.87765598e+01,
       2.10288525e+01, 1.91865349e+01, 1.74427414e+01, 2.70534554e+01,
       3.71813354e+01, 6.84136124e+01, 4.17522926e+01, 2.67376976e+01,
       2.39004688e+01, 2.07442970e+01, 2.04297142e+01, 2.67539139e+01,
       3.50919800e+01, 1.26734116e+02, 5.92847786e+01, 1.08344889e+01,
       5.71158552e+00, 4.45677710e+00, 5.89431906e+00, 1.39665623e+01,
       6.16787605e+01, 4.73403053e+01, 1.63206215e+01, 1.30634089e+01,
